0.677791473804447 0.7073269140830678
0.7141632479771061 0.6286599758426142
0.847351700451383 0.9462528766112729
0.6616187095738845 0.5844872203846085
0.6536054361766062 0.6238752425829966
0.7925480156922119 0.7030175577843786
0.6696387807011094 0.6135798099413657
0.6388646266475181 0.727914901225849
0.6330774671973509 0.7178737035047422
0.7459217563433511 0.7913467950140711
0.7273458045787433 0.6943879806695813
0.8133308012881211 0.8118596256520267
0.7696785666149232 0.761180627875228
0.794315263505541 0.7600363793270549
0.7699775938558691 0.7798187496051924
0.7944913864746389 0.8750155930265706
0.8575385671506911 0.8737733413371623
0.767552889362563 0.7481822432109939
0.7405392278123557 0.7801135375088342
0.8391430332466396 0.8317407628444761
0.6129332309472574 0.5905708911912926
0.8202743566208406 0.8131352516153285
0.6004038418959884 0.5896991015344891
0.7130393559640119 0.6777520372686604
0.682277026432902 0.7365632660440459
0.8616799259966262 0.8465551151585065
0.6285197803860724 0.7209028672694755
0.7123857390540236 0.6587788085703912
0.7810290924498001 0.7732029903574763
0.6665580539397858 0.6101273700234834
0.7586876205451287 0.6858392367162263
0.6777301302844703 0.5822228108405024
0.7452201719809364 0.7154049626132587
0.6448400824909196 0.6129562378492807
0.6927166004341526 0.6088152975607385
0.6153144347824242 0.6157194973275796
0.8712987589280473 0.7921814900843404
0.8904658991439713 0.9894732013905483
0.726281745447551 0.6657362028322109
0.7255520087769706 0.6572740175926106
0.7782845098097217 0.8351523516841967
0.6977410048708258 0.6059794154295738
0.8542525789601016 0.7549888397703246
0.8781625739609191 0.7982268461246209
0.707476808924366 0.7853454754961661
0.7544893623542848 0.67781680973348
0.6936944140636292 0.6637406392851585
0.7473988442914522 0.7311279659185232
0.8845537296064159 0.8572906921465308
0.6168440873081842 0.6079434983935414
0.796119006173879 0.7117197023872247
0.6533382777072974 0.7459924825051034
0.8972056594804041 0.8350065451476861
0.7393452220853984 0.8049650212178704
0.7927652686044104 0.8139030947804347
0.8786942047488986 0.933416506140573
0.8908623124256583 0.8437229141860336
0.8241620079249333 0.7353798928399937
0.6534298849146882 0.6587971156201854
0.8207976373101449 0.8589788903313536
0.6303917106601944 0.7146858574031985
0.6965874115010533 0.7066656653420761
0.7592938333055841 0.8067635728429514
0.6358273296773863 0.611310128392687
0.8242779024445239 0.7912134112166321
0.7910860261403152 0.7955030636955153
0.6652314403331192 0.6171910017897864
0.7121269021316337 0.6236990571519906
0.7968335324850153 0.7638244646985674
0.7157053748702722 0.6567679707046151
0.6288436757286339 0.6621150660227275
0.7365310848550128 0.7391408613934931
0.8396162345736619 0.8523928063158214
0.6675186748697943 0.6459018805013413
0.7979267801821951 0.7824224231444444
0.7198280894112192 0.7634982014550231
0.6021805225236871 0.5420521372533258
0.6730123883314809 0.665642923100394
0.6899665222889979 0.782421350273909
0.695900907427971 0.6768730629119826
0.8789657362428545 0.9381568197192101
0.6081202394623084 0.5971279112795441
0.6770417757350615 0.740975011694206
0.6852243309811971 0.7154923774748416
0.8134305490636011 0.8204159319233723
0.7812839819885959 0.8783741727511861
0.6330909849205104 0.5606372611974099
0.8791328251867649 0.8456000897944432
0.8651169013124917 0.8920742506158581
0.6833674486316281 0.625298366287983
0.8491228113024174 0.9046363337769824
0.7304115678588556 0.7871456713328167
0.7837021409302367 0.7147193350886685
0.7820237076076948 0.8030770275586732
0.7773237376975904 0.6899783728910586
0.6580204042163116 0.6337154804513443
0.6024281291266823 0.6524209294550297
0.8189808934196376 0.7773449816064497
0.8791840672647142 0.843489654715097
0.8460820027970417 0.9058734975287251