-0.3040643008365107 -0.007365928894136786
-0.4795355638943877 0.4786853569041918
0.8206375073170098 -0.5808102885589819
-0.0943503895628457 -0.37004931571297517
0.5006817529666467 -0.8444248157971668
0.49657911282658596 -0.1378109557283651
0.2973366145180123 0.38383027205017095
-0.24740667682177686 0.06885722508327508
-0.7101034732841247 0.6163245922888192
0.3504050263552838 -0.022633424029968596
0.825187342722348 0.028123787685848445
0.6889805448677668 -0.7551314683239787
-0.7854530798960004 0.2524331616247988
0.12403501464979594 0.3692130887621101
-0.34423822640497637 0.4197837697486042
0.4682806925594829 0.37223691473187737
-0.6362379740925539 0.08285906921623742
0.4065725906965485 -0.4598856095266508
0.2333107213599812 -0.20152036503307125
-0.5627647838104426 -0.8491001486441847
0.6485724954109686 0.10627805669034429
-0.7283015838737286 0.846768712985235
-0.3632088906981832 -0.04824620095138665
-0.16916548435325773 0.5009718782501589
-0.04895516014662937 -0.1879023071364636
-0.23995228185134576 0.25814728245029883
0.2749022017181906 0.7967001458423226
-0.44947646441554556 0.30627303540605766
-0.19078111511950335 0.23778091675945667
0.3202624835223158 -0.886129497634252
0.40196441884883694 -0.4760641913575474
0.7985424544489912 -0.5496988334635275
-0.4480237171165533 0.5191029190120076
-0.7146930648237086 -0.05172144690928859
0.5369119255371126 -0.6367292242491174
0.5896211853625588 -0.29894917548153765
0.4378062643469698 -0.28685573081646254
-0.5835341641905487 -0.5289719976458391
-0.8748588180665839 -0.32123530953660384
-0.9986203827888647 -0.3251339750514819
-0.8856577154457259 -0.5305467893400957
-0.9446550284313269 -0.41733943039424903
-0.05821240101681879 -0.6023410438917232
-0.9380918263319553 -0.6482299100229567
-0.1953068554383266 -0.26700169411703567
0.7240241370562903 0.14675486078619038
0.9113824944715487 -0.4021337468656674
0.18285085895793407 -0.08671784801527793
-0.29530890339290394 0.34934535560985536
0.4071247530213018 0.2292030562241456
0.7789203370799085 0.6618600477278331
0.6609299628998864 0.2452640845599896
-0.2299766901966389 -0.6060296516402475
0.3531827058072887 -0.33618652457293785
0.47634466199299363 -0.2476988684601289
0.388810919944804 0.8126797658057594
-0.02526505627035469 0.18610639866746026
0.31001625846839387 -0.09952977507584948
-0.030605476610198412 -0.833554921275854
-0.0787986287011444 0.4189606425543808
0.15059411804018819 0.1463369572197215
0.3680926901620891 0.8779863641971049
-0.1055354038002243 -0.08820915960562847
-0.12130733426168838 0.45881781525499
-0.28163695503737873 0.41633602945849013
0.43679957153468907 -0.9891659657401362
0.48641090670206166 -0.6878120590164005
-0.11585424553876789 -0.5130755014906625
-0.32627537553146935 -0.42390486137597416
0.6339498512184669 0.7302886205355017
0.9276105050864751 -0.9594223407639526
0.9026888616253925 0.5020690137062775
-0.16022297611411518 0.285198840539044
0.4985436797923313 -0.6758226687088031
0.1251689982993851 0.9939788850911255
-0.9659123896211661 -0.03523507456188901
0.38602233290597265 0.1817569235476375
-0.7815108034176692 -0.007197893881862649
-0.5789303497317244 0.6540885815679476
0.9061320909731356 0.13977018569801247
0.032704502611682784 0.90738245120549
0.13065696291838247 -0.34170001690234963
-0.8809578932714914 0.32273728806870006
0.7937084681740258 -0.2190903303371421
-0.21832955583019475 0.2979461616752508
0.14876693084845471 0.7235570389786019
-0.6813505083198197 -0.35656627365108085
-0.35085190326953586 -0.031175748216393906
0.4424882825479781 0.2633738917845947
0.7702254213521862 -0.9823911427528262
-0.30079951910805613 0.2083976084408119
-0.8306254774170732 0.5371633604562709
0.8332919341042573 -0.6945593430820123
-0.010974705875773427 0.14901709512851324
-0.19611073062454132 -0.9916462110395143
-0.8853404687160067 -0.8346431454461956
-0.6106951299868424 0.3380429555556792
0.8879908423421157 -0.5260280451588879
0.2815803785271458 0.26333622602655504
-0.73351124563492 -0.3734189312821594
-0.31894480568913797 0.7138054137162564
-0.3506276434186244 -0.8069055763888555
-0.5832009542347405 0.43905318687809314
-0.16513848008988719 0.816189328893189
-0.526568392450119 0.9731802903710072
-0.19956439245615987 -0.1894828947971421
-0.8234536655733631 -0.41694640358793045
0.7940502096736868 -0.17331679720112114
-0.9841097893414215 0.8301021056073237
-0.2953677274357056 -0.28236425186934144
0.03644866567470051 -0.7640095551573731
-0.6534455104525367 0.6998980476414023
0.2381007141495468 -0.45768942441836025
-0.8168588903065424 -0.36075613069694334
0.7902552784080394 0.07701173271278239
-0.8249936592996228 -0.22226699014424733
-0.5658722067187332 -0.83116271719583
-0.2790392800298316 0.14131438617533476
0.0897218304691092 -0.11340856985532421
0.7950020845293797 0.29267686537346416
0.09604426960440171 0.9107068590442133
0.19382935073027796 0.31821987986504574
0.5942610960600894 -0.9128691967809552
-0.4223219877178881 -0.9844858887803667
0.6325573548605703 -0.9337307620964908
-0.19588428129457847 -0.9152850841404081
-0.5538628384215909 -0.4301837063102252
-0.2177776301901948 0.9390298822932304
-0.5848792070258104 0.8922312110489949
0.0927167869290928 0.3854706577532099
-0.6002913549319477 0.4018388497656493
0.5449103431595539 0.22739560985911367
0.3393267699240299 0.9853181296537958
0.3338262048322198 0.42630641180409534
0.6592230817704154 0.33090340818444286
-0.8800748103870817 0.175174597076019
0.6282687094176269 -0.21566403971438053
-0.12442054555367688 -0.3506551666346782
-0.2415103559311147 0.048992760474344976
0.9750760540281032 -0.3337956966485176
0.6997138023858611 -0.7408954971730612
-0.9067111405879051 -0.20417729324601552
-0.1885262704569579 -0.2772790036815487
0.8153761862490814 0.5681881142651573
-0.3494163283409357 -0.7595073567440107
0.415103661226897 0.23607948795169387
-0.4102973323420207 -0.5611343447206836
0.179027398621044 0.8719207479787399
0.9453369093059627 0.22430069305621925
-0.7426958917038475 0.8976264129253206
-0.7182187214874776 0.682048571320176
-0.32629463794656033 0.39289941779895754
0.27783641759696986 -0.9893158001630373
-0.03188906810462866 0.38299883360276743
0.20951399474416466 -0.42516144226120756
-0.9078904724728718 -0.4823692084119744
0.32602436219813313 0.6114073842395322
0.9803614972387238 -0.7159100070201236
0.012611703950788922 0.6218038059856899
-0.1435310706838122 -0.7433723245548225
0.2212740193854723 -0.33522390495044974
0.030907485616836317 -0.3933526764311348
0.9648468947290891 -0.09985057545560627
-0.6878783951719356 -0.5037361720749387
-0.9346175999927979 0.43809149897983546
0.4063575998267246 0.9285501919910673
0.6877544369131894 0.504282994469045
0.01730344101472414 -0.9849281836602171
-0.9366476934022112 0.4477779806524689
0.4991588550295103 -0.3257946781384484
-0.9306200475853037 0.21777040756450972
0.3104150167754549 -0.2865914571529362
0.750873529011902 0.44913216589781557
0.5125874553097505 -0.28545752917070355
-0.7938485554862629 0.765317073124659
0.02078060757437039 0.09128684880432836
0.5632185088647315 0.3081212990761999
-0.8167874496091605 0.29920544297093143
-0.8288413550480083 -0.3843227941309868
-0.6453393417729485 -0.6794215010564217
-0.5382372921710599 0.8874153816201495
0.8670632201450461 -0.5131610833857498
0.06061872853286032 -0.8630604360844956
-0.2909569399358152 0.9463702993611833
0.21807641938228617 0.2556830744578993
-0.8945360422778177 -0.6599580570633068
-0.12119019769993167 0.4418527482006147
-0.9513180462982649 0.3309975588241991
0.5972384127342727 -0.5998471179937188
0.06723646848522091 -0.6210452042754162
0.17364959072349917 -0.6040702520743222
-0.9857917490193131 0.7890794289374954
-0.3011319248074953 -0.7719189097969421
-0.9732902403200778 0.7356679981901149
0.36351478421402605 -0.8746124146716949
-0.5120157882235139 0.1018784927652332
-0.585725154488955 0.6280345902591973
-0.2199296055630291 0.672869798627427
0.9403782359402155 0.20549525003193958
0.7542549263466107 0.286722491108119
-0.1401073746886201 0.22803486496962955
0.6200738950908868 -0.42829557237099847
-0.8723653138069496 0.14243792278772882
-0.6588682798515031 0.030224950397528483
-0.9805181962210858 0.5922117117480619
0.3940540514226387 -0.9432989469400033
-0.5536321812058509 0.6127850384707227
0.3454108522592749 -0.3638865654662342
0.8233601318691808 0.06337479536255275
-0.7945170451898411 0.2995983358960923
-0.6300072419520464 0.9787641767836044
0.4114072547955596 -0.8995049811501366
-0.15948030705552596 0.003416230993210867
-0.07053366940385741 -0.3240485412014362
0.7655173661103438 -0.34917758201652904
0.7894410493896633 -0.2593229464004676
0.10749850793251947 -0.6735452217632152
0.11526301186277754 -0.3477018572010322
-0.9555223857414099 -0.19506575111903057
0.8166994817556847 0.48791408445451223
0.9871012355531303 -0.29209051640838823
0.11565691778263565 -0.5027118445778525
-0.7540672404413304 0.3206318062520841
-0.44198717156041023 -0.05783210119409943
-0.26481514028371445 -0.018109951785245215
-0.09454365999078296 -0.4435998179358964
-0.08789644347679437 0.13110009323610305
0.8773654152667656 -0.9227641785369907
-0.8038137511953785 0.3191843753013841
0.014300988956732263 0.34622343419532076
0.3007595030384138 0.6395718137816131
-0.3731062960937763 -0.4373929332085418
-0.8025875011831833 -0.15055850415325134
-0.6812877544312388 0.46414099260042607
-0.7824520588762518 -0.667033323811983
-0.31550868695261136 0.06081041354374794
0.27287223289243 -0.8742453886972028
-0.7292408941273953 -0.704002433691771
-0.8922028422147357 -0.1933829985052391
-0.7082242662948754 -0.8893403520339676
-0.8063039139642696 -0.8105098556105383
0.1254465638019886 -0.4271968037954641
0.35787102259788584 -0.5637275403855071
0.6548082579607606 -0.7492584768369797
0.24671641867641192 0.3447249242851871
0.38017915118618006 0.4229309315741665
0.22864774010279576 -0.857849020331094
-0.02006665520950368 -0.7785227783045467
-0.47704887904241544 -0.8393433779427877
-0.37030818606349536 0.05255755423505093
0.032553831515463205 0.9675834715875655
-0.2867006194273254 0.15098430722815293
-0.07504135121424382 0.6640322436804664
0.7784874816824767 0.5948666077909437
0.5017334850825721 0.8671699182925987
-0.7724019224918344 0.4936443293760828
0.7964349715113264 -0.9621164586523565
-0.06979681049596587 -0.7991326466213622
-0.20097994213038506 -0.5500665320357567
-0.8501776594221653 -0.8800461073867314
0.9584944678208362 -0.4073359039615183
-0.06143631127462301 -0.1511368221985725
0.07271384521298518 -0.8976105199815441
-0.7356140446089108 0.8890521806959399
0.38681902222829767 -0.4891748534480713
-0.6843990285917494 0.7316140433375165
-0.31489859281069665 -0.9694268172379863
0.4180077844282686 0.2601416389696116
0.9520770409921284 0.17196686779291626
-0.6288426589491638 0.9039716701855354
-0.4349584226677563 0.40166956181206004
0.768824808621978 -0.243460038278277
-0.8020772166359229 -0.3922736805831897
0.9942800274234309 -0.6569657309718622
-0.28484517511447716 0.6645994572086962
-0.15386471821947922 0.21118328858869573
0.9605031601874179 -0.7271476464968882
-0.5858344338794246 -0.09847085374434239
0.5766949858976924 -0.1928804737199683
0.031294619475866314 -0.7533701291946207
-0.9451410282083763 0.6447863641367639
-0.2108705843537586 -0.9086054507438506
-0.757134218509623 0.12707696752599285
-0.057943405486550636 0.5450588131714647
-0.5634604298217616 -0.715472362329896
-0.6481829304597664 -0.995394816152104
0.9224816452905311 -0.256332491081531
0.962022181251015 0.8923600303955523
0.6389951834792371 0.7471083163299728
-0.9182333136109779 0.823642478798206
-0.3544955176558531 -0.5655280563293472
0.9156776544140781 -0.058679425926958295
0.7390352285760045 -0.15067999661708442
-0.236937076025296 -0.009566897949280895
-0.38599455434256535 -0.061750110104276335
0.514548557765788 -0.2740269918206253
0.8780676126313642 -0.6695792752384286
0.10373399784512083 0.819270130188829
-0.4020985196949256 0.6173959993886888
-0.6335568738671731 0.9499149850959379
-0.5936096424857313 0.012624038187914355
-0.44047901390618227 -0.09504315732492374
0.027943778992601587 -0.18905660457992757
0.649356580521024 0.776874609237427
0.5791070685391311 -0.7457866495312016
0.15045968251954567 0.28375269054660324
0.03147694025852288 -0.2001251645364175
-0.04131947490550325 0.12955925452865746
-0.108399701497218 0.27843794505291286
0.4436966122379433 -0.4512282708847386
0.3438468353392654 0.6039786739171826
0.9249391716674342 -0.13837328532824866
-0.16653463490188525 0.16823796863341034
-0.35318334509447546 -0.9883709264266864
-0.19124365840977142 0.2559348464529254
-0.26602577535694705 0.8592450014806863
-0.5458421025040505 -0.8078563010324713
0.19943653268125106 -0.43488648593264756
0.967782803121839 0.11391637890212114
-0.6183956677167801 0.36000320197924984
-0.9210959421616502 0.3136479954542728
0.8894741859768858 -0.642104214957107
-0.26469319336763864 0.925821410829724
-0.4842491414668515 0.6056316923287153
0.6087167554989106 -0.15385181056900188
-0.19206625283037715 0.044055713392552986
-0.11128714120506977 -0.846692783269883
0.3953381465149486 0.47481294759287773
0.8594753784803206 -0.0797452450366265
0.9840408928350026 0.07462126516094592
-0.6163254098327455 0.0070962930318656525
0.7720046557877012 -0.2886377434261722
0.5595599796145301 0.19371671812417235
-0.168953223535812 -0.6093210463275285
0.2835225521245046 -0.8626891640055518
-0.8397847516688177 0.7653779154619205
0.7889818470913168 -0.8918997426527111
-0.7823211468823388 -0.5014731265005532
0.1450358262775493 0.965763939493598
0.32387254828490875 -0.06643405366792599
0.8971376472599517 0.10848779539264575
-0.08041477500680938 -0.8321318372737796
-0.9459505429070678 -0.5101143335245919
0.8181447020587358 0.9081687123996434
0.7427094299697903 0.8596605282250753
0.9850780868138527 0.5710124020848653
0.3391311226436866 0.8458135568929377
-0.9799403944660756 -0.7713842827277626
-0.369820615580007 0.1818657834069335
0.5240792682119555 0.09074915078844192
0.13135651731524423 0.6796142454400296
0.6577416815212711 0.3119757137628574
0.4527434914573407 0.8023231969850262
-0.04806397076815605 0.45730440605022404
0.13868101740055816 0.18757902038594132
-0.7636517179005324 0.8296227096483253
-0.25052854574543804 -0.9890465566731679
-0.7180529053524121 -0.2998499204290812
-0.8733755838941157 -0.6186967528333107
-0.6764550209556011 -0.4566485277950547
0.04528226794696932 0.9198494001865345
0.6017269446713553 0.13978609880790294
0.828072229407995 0.9372375138388838
-0.5029733691149112 -0.7748150028881209
0.1748182030528993 0.8933260713934807
0.026501026253269888 -0.7584142399051061
-0.3138146384704761 0.6883616564571458
-0.7866303905569849 -0.3050690712735882
0.8372869424143075 -0.12740753151175177
-0.120714869606934 0.6775565495866052
-0.32477394351448075 0.6069207483203014
-0.39830605092122506 -0.8673848074488444
0.22013088134206593 -0.4045486211901579
0.053571017925161835 0.2432857021655186
-0.70368831045527 0.2540498026903697
0.2503634800234762 0.906508518297616
-0.9187399063405677 -0.1925703036540467
-0.23650017437317383 0.1298712194847198
-0.7751475213050232 0.5783042022462781
-0.7341975264563012 -0.962125202411021
-0.30307644914556 -0.8184478037727341
0.7813926534011046 -0.5538807199901348
-0.11572418119416561 0.7673854373582609
-0.7513384148116142 -0.38997984754724135
-0.6890884665922925 0.7885590068236388
0.6029435071193556 0.42159591532670526
-0.9338082189031911 -0.9490707608449773
-0.9749105682818366 -0.9505719435433011
0.46479339839089295 -0.2382186248312539
0.2664398336705407 -0.5411189071676148
0.6932330715007706 0.4174598848453859
0.11564409805249443 0.8971002729822153
0.4720208787913598 -0.11726056251354344
0.443722311589412 0.6428351052941206
-0.37483098321343844 -0.45031799558820573
-0.9833211771794423 0.9568153086986659
-0.4511802387006998 0.2503648817062749
0.20983472607201814 -0.11870950148323245
-0.2972971512600009 -0.9088990396592891
0.7506407398034944 0.13023624238680442
0.9954473139724598 -0.5250544218510365
-0.8219734667473808 -0.14081940347021726
0.1608279528051153 0.5364021121224749
0.7716591133273738 -0.5740562437415555
-0.9566235286782598 -0.49243237997967637
-0.8117152916332049 -0.052608806220632465
-0.281948126481792 -0.060968136758296154
-0.22152983314591124 -0.16584169550759298
-0.7958880656188836 0.955295363261941
-0.15641659508727934 0.07591464310646767
-0.22239717123824132 -0.7651911268087968
0.27780517189979226 0.6688771523997228
0.43500532770054323 -0.7814143829244844
-0.17216911935713042 -0.761146703683613
-0.5898690315258694 0.3639836139995263
-0.3785632602682971 -0.5415974611599272
-0.7791784923651934 0.58881022194554
-0.9642429410100084 0.5547403510962927
0.2468542790501107 -0.7932021707125672
-0.4180644785129144 0.18825469544554396
0.601723743276964 -0.8746307043084418
-0.4803317160779925 0.12220013240660355
0.9409057159702976 -0.4341564119705561
0.3205740878719423 -0.9486279231449695
-0.3139584606098691 -0.6036438099207937
-0.11059997617242545 -0.18716580925524862
0.4544187439672551 0.04115777793894648
-0.8200156175391597 0.6455149323613738
-0.9060220315414573 -0.8928329471308512
0.5388034619212809 -0.7122798368913004
-0.21421216708095225 -0.7642077672829155
-0.8420584203438266 0.5869207971623494
0.4626924417523055 0.7009791561828367
-0.9068409510742428 -0.1794961666402366
-0.2279287488854278 -0.708020506465816
0.8133849751796007 -0.32073964398800414
0.8363166391191552 0.4645464252600202
-0.14373681101866054 -0.6834211226461355
-0.4926521032640587 -0.3985717029731357
0.8326013430816357 0.5632725596223225
0.5590569953451405 -0.7289318953557908
-0.3975601551565071 0.19824329476383773
0.7127034104305643 0.7911669357286955
-0.07238189669218298 0.3429586571676071
0.70563813547677 0.150370093293839
-0.22177690148393303 0.6150903236247662
-0.49256619466501794 -0.47017795729190204
0.8330966413488463 0.6233997462824983
0.20351371720935396 0.7504673490580609
0.6496530249874848 -0.8188887800523714