1000
-0.373683260634067 -0.8033409178807569
0.14325656418132882 -0.7340798302947129
-0.8333139800756828 -0.4937614043338532
-0.398662832895917 -0.30197575895390827
0.17556743975137978 -0.23025894019627158
0.848462548568099 0.3415321227745294
-0.30007946470973 0.5608723449906265
-0.7539472949596067 0.30607320222560697
0.6751970709521791 -0.8722929524696417
0.16151344195006323 0.8429258110320705
-0.18280111965673052 0.3293199808050784
-0.6108027919751957 0.5730985399490403
-0.9389737907314994 0.18052156931991692
-0.9419552549284549 -0.9773571607507998
0.5027509965370343 -0.6942628968395153
-0.062329049424634464 0.046649869611631756
-0.03635757712071097 0.13778213041156007
0.5294395719777405 -0.19610861863493345
0.8934943152731476 0.055781672282267936
-0.5262592225772955 -0.839159362638564
0.09924348355708945 -0.3181162127663386
0.8242164904197131 0.6417762256387711
-0.7825510801591602 -0.9463151461940631
0.4789334516096819 -0.3535852613404902
-0.14218819225831214 0.2475848266380014
0.41437501925779907 0.14641398843352849
0.48653169574501876 -0.3566289554704667
-0.48231383342027145 -0.23691090730735187
0.43259891504710724 -0.22072793908322796
-0.5908085399549894 0.30059491966457363
0.16823161442042456 0.42596566846266315
0.7322689565689686 -0.4499492334584343
0.47245460282693164 0.7239011679068246
-0.7246030420478413 0.05784310759030564
-0.5183018608443875 -0.7607884623811481
-0.10536697283964558 -0.8322760701197787
0.15204637904986473 -0.8921592931886269
0.5262764395988129 -0.20852969053959014
-0.3551923856771566 -0.7198575823594502
-0.7091913878246721 0.6587222959923043
0.9409870283435307 -0.9845304693212127
0.8740105548405388 -0.7376572831982056
-0.9375859799025186 0.5533520647986212
-0.7963941873308122 -0.6749321505684707
0.6723600337336368 0.7778623342549484
0.3702930597947829 -0.9950784758487485
-0.038004549798049014 -0.5377102839220562
-0.6568734069608915 -0.6845456853791867
-0.18496551835452046 0.678715154227628
0.11125978172816953 -0.11735959926783512
-0.914519821208515 0.9621403617941129
0.8395432302716868 -0.17421560760185928
-0.3326663147116924 -0.7891127989198998
-0.9526144816463471 0.8323323429429743
-0.8099025296916715 0.2794938248419583
0.8556169707237249 0.4081023712608878
-0.6779264544141477 0.7050601487789481
0.7488043685897052 0.31660849278170566
-0.9625212237639333 -0.3300196312096224
0.6316251463665785 -0.5294428405321159
0.13708962319644713 -0.1571683789481615
-0.11259869684379864 -0.7986354198054042
-0.7146224409511679 -0.790264869818458
0.7246774246901997 0.02107039422292112
-0.536729997888606 -0.40616304597565
0.9132050459310777 0.2955701701090774
0.39751036890859703 -0.16746729003603744
-0.12684609967747695 -0.6607971968642354
-0.3943941504325208 0.7134024631667246
-0.7372179106405177 0.8077281836898196
-0.41100670573422127 0.6274036727698686
0.8055916612309395 0.5210556261795354
-0.935207570078836 0.3168749329951861
0.4688662289014829 0.48565520709473775
-0.3151128129499501 -0.4468750097235219
0.9417931291455852 0.16352032737491728
-0.19803921167713145 0.9319745666458104
0.19306665999493555 -0.7709843020188989
0.35844464084028616 0.8553769868568162
0.6164505513643663 -0.33498014620407424
0.9242146627889392 -0.9549369872050515
-0.8957383715245799 0.5697281540825125
0.9003829301277653 0.1639669055450339
-0.9867211262320974 -0.6973939953733574
0.7512062817475362 0.8774415694529547
-0.5219082762968217 -0.8373869827920635
0.4356900482053836 -0.4623540465607363
-0.2931886147696179 -0.9533057400050371
0.7729498319246766 -0.5486294668862692
0.7677116873969112 0.28551864407150895
-0.652322750315105 0.2551996778052916
-0.6621489517962194 0.7652914830886572
0.11102212964443092 -0.21674955168549714
-0.5015402225200882 -0.2874279194225673
0.6759698072506175 0.2551364305694861
0.31129078317741055 0.3975712489966292
-0.6116286504411772 -0.022243215441750674
-0.24119128681565183 -0.48209534813185284
-0.9929326358870263 -0.6394085857621943
0.8620986835656437 -0.25735593182528205
0.35325892331091624 -0.5685930906526528
0.42130608568314876 0.40584009513236263
0.11797759001606223 -0.8946877741744543
0.11423098805576704 0.310751842412903
-0.7185106072699392 -0.17609194601234401
0.04890872756758635 -0.8715961911763657
-0.6803371463734227 0.7423420107608112
-0.12123662724801654 -0.6001003899111157
-0.9343277951023863 0.24152208555897792
-0.2873209401299499 -0.13821989205576668
0.7624212712155689 -0.7992659277468412
-0.1010761771019244 -0.9531314799524646
0.05944105701044955 0.41075176535108415
-0.7944566856488624 -0.716875069700482
0.47740276773281654 -0.17134230032724806
-0.40085190051398123 0.2686589752114128
0.4888273771155933 -0.561550543379892
0.12146170561973446 -0.2372800988680197
-0.1895714108919273 0.813852965223413
-0.27975803610632344 -0.24807665351506825
-0.0684749557183486 0.4620113586291317
0.3941466034488563 -0.6649787676755472
0.37370835359567467 -0.005218602615653767
-0.29968772846336456 -0.10700022331589243
-0.11641857625946694 0.07141852210634991
-0.40692257473087556 -0.9346184313288952
0.1965491405020312 0.42560218431336905
-0.2030345811805796 0.1369379566391844
-0.9574483932414186 0.17642802064268248
-0.6734334763968579 -0.5841702601974135
0.8461270037999569 0.6994987691354746
-0.12217273501786496 -0.5485675294742096
0.7774304064310473 0.37065182015869813
0.49349220578309083 0.19819289086469438
-0.7685902341222437 -0.5363989482617895
0.30602944410714694 -0.4071411651748893
-0.8993762208296103 0.944261155133838
-0.44154394340752234 -0.47140630558975327
0.31990252109189954 0.6018274798345942
-0.9729451270753018 0.5251087119984519
0.01756329940251411 -0.7807760063180809
-0.5153271391333782 0.23640065301901614
0.554769845453889 -0.19322146844836485
-0.9582224819825793 0.16999729517176565
0.36581074898589927 0.01859299667140557
0.9219463375179637 -0.40775997248399065
-0.10360735251397513 -0.49343299071580904
-0.2217974460915726 -0.5652121892266571
-0.8395014875009048 -0.4190559037053758
0.24179038832427513 0.02764266806865101
0.8693736558747325 0.28861763802315155
0.14349260386547846 -0.4029792839746982
0.4283442584884256 0.3166622870349023
-0.7197599594641295 -0.09505422349934989
-0.005969437985353654 -0.07204754814879011
-0.05919993519694722 -0.9509833003895962
0.700460437174826 0.9727839961329328
-0.019978393381547388 -0.9497132598725435
-0.28372807449966 0.6752815706115114
-0.4357552525412369 0.0584789689209364
-0.9766395261746403 -0.46030020738261856
0.5906101680679359 -0.978558765637016
-0.3198995332602508 0.42855181714499535
0.5764404998471209 0.6021329480261486
-0.3492942965557486 -0.7787331348980724
0.1484049758983219 -0.12509033668410874
-0.7870225427980957 0.9683563926453862
-0.04890025816624144 0.3303938052658788
0.5748452709768987 0.14623372004176116
0.5488733073975616 -0.8372518445443988
-0.2904536410254348 -0.9346967713791179
-0.08998577821029219 -0.6263381168310242
0.3855262803634669 -0.41354679711357845
-0.05702200362594523 0.9102766167537568
-0.4377689175379449 0.8675107956528283
-0.7384545525874029 0.3798185975362298
0.9079330463315414 -0.5523987530320851
-0.8959500838421364 0.2959092736924418
-0.48640741429227385 0.6208281091537349
-0.0748525499706516 -0.6052724652690789
0.6109175044534718 0.20343194829086064
0.4524636311327086 0.18562996728543912
0.5590095793189782 -0.9389390206097297
0.1274420237749323 -0.17714664616794584
0.5414444832065171 -0.171411213057574
-0.07821812325886124 -0.9630085023579922
-0.07631848388603624 0.10077363030260145
-0.7817179744834668 -0.6135148749913144
0.2568463444050859 0.522618120275824
-0.3081867554013009 0.33154145936587387
-0.41321937039414314 0.00116545923293776
0.4965735538136431 -0.5120617832945853
0.2800279408347277 -0.8985139740013262
-0.20172775225754913 0.5436703212398863
0.9445352924426236 -0.5766327795307535
0.5636818885130717 -0.6854319193349485
-0.6478975222787267 -0.8004164306103634
0.2675511323614972 -0.3290918829466978
-0.2824911230959266 -0.3274713576455359
-0.3901823815579277 -0.22262097923213453
0.40743481212944843 0.04699806855415822
0.5713294109370906 0.5505586928375672
-0.7467421281461799 -0.5586364312119909
0.005684651953042019 -0.9476055305572602
0.09657703270347384 0.7399427340486664
0.3558214332850851 -0.20981185766980448
0.31153265606714786 0.38187197597119504
-0.7236792533783618 -0.7249113159071197
-0.05697545038447149 0.008522557163844757
0.9185548631326923 0.03921164254316589
0.12232244892703803 0.6329794675387865
-0.7974097099968414 -0.9785574945417066
0.015174883946370565 0.005084357612257895
-0.674982434546699 -0.3566976554633383
0.9110951680938051 0.7639480120507298
0.821276613121998 -0.950122637411889
0.5811217231652861 -0.00014477720978112174
-0.2732058251224321 -0.5795752004585983
0.03727920627006309 0.6497152658995289
-0.28141469568269883 -0.21606861146342782
-0.10087604001236694 -0.5000306188758195
-0.5464710933122618 0.7108670355686224
-0.5874606266447657 -0.3280241196376896
-0.6652157765958249 0.12952689216761182
-0.6733372448963999 0.4704347706891694
0.2331359433687219 -0.9776775167035452
-0.2917576883424662 -0.5276071603659322
-0.09922495371418716 0.7727903024382377
-0.09388809401982323 -0.1840654010700271
0.6566452317259082 0.9310377674616916
-0.5697238212384474 -0.07952395067773876
0.1366737951248842 -0.38637493202825035
0.9397348197556599 -0.4347688237072138
-0.7143643718478101 0.6592042690952149
0.04977080990365956 0.22251790038600228
-0.8962239057916723 0.4914092893717046
0.4801226212472187 -0.4103558738895754
0.13193428190616818 0.8310550435440502
-0.33149314405025043 0.9077854039047419
0.8482153989461558 0.37154633862480413
0.607922456516685 0.1601634301231296
-0.6113240313923312 -0.6509221044398217
-0.1491698998604456 0.6006041979677896
-0.3134264116832015 0.6180961452599696
0.2544480924254444 0.11641780587433614
-0.21694048010515687 -0.10454564133656175
0.3056653047978246 0.7733845950317284
0.34345230088044776 -0.805556613255747
0.07975744493828363 0.654947137299311
-0.9408117579099395 -0.4688469217992868
-0.7005900701913457 0.6578796319265867
0.8330087486665345 0.6229152550366723
0.6620757079317114 -0.46060729311006
0.48691986656489394 0.2236011265051494
0.2647967486107077 -0.7119108735672512
0.7298552105043541 -0.7903794772965993
-0.20959096843883662 -0.9257682632307873
-0.7518019387889798 -0.7209928313819074
0.6046807211870253 -0.6573513310921542
-0.2762540222968666 0.13520095364082962
0.5768926035381889 0.06448108634561045
0.45382438656330315 -0.6599634717857163
-0.24956105723828403 0.95724261328342
0.49428574662876534 0.09524783693175998
0.20591314663663352 0.05973200453832139
-0.07320731450984885 -0.3446597301009189
0.31927752507303264 -0.28266523356660467
0.20505608886001214 -0.008589893792212866
-0.37819015574590065 0.03124234433102213
0.5744789201545575 -0.17293952106470178
-0.6893878472439596 0.17858271927786773
0.3920625470265704 -0.7046948839364815
-0.3342726459065659 -0.8922108210792479
0.19037023417360088 0.394915344141725
-0.41019402227778246 -0.009968503455798139
0.5093087389080253 0.8840253304968213
-0.36418728997014393 0.08463873605923422
-0.5883422406175203 -0.9131873318045622
-0.6523246744231512 0.014123757901621126
-0.6135998676373629 0.7985532684132941
0.9740476722981284 0.05102180618692942
-0.2501706388468461 -0.5103360027866903
-0.787868368732674 -0.6629727301815913
-0.0767435789949793 0.11706813634470037
0.6939717169468882 0.3859516433384247
-0.43655590653485343 0.024123376016406795
0.6056575272704086 0.4660909252585239
-0.8142917117410657 -0.316495652610568
0.06818314448480489 -0.6344865274769462
0.9781300921782305 0.4791099913660162
-0.2193072408309935 0.5655092810929696
0.5406805926255291 0.06496686203066049
0.2816481503782615 -0.551748711156981
0.0036242618233814916 -0.4008782662304844
-0.04625116047010924 -0.9882431135184695
-0.05138986370042753 -0.47907718260823007
-0.9208829702344441 0.483371992293016
0.2711649284819002 -0.5908313348772527
0.12628804436423113 -0.7956729751072351
0.26655776108256446 -0.058253089244061584
-0.9844048433397283 0.6887657788570005
0.6184072244998093 -0.05565238607293832
-0.5072160225910276 -0.9131338291560593
-0.035529987331643254 0.19824865712120276
0.8762420271142299 0.03970321781573105
-0.6764578580246952 0.20872802455861894
-0.6723537002985422 0.3685436225007541
-0.5761155980205632 0.5936299769323332
0.9728773020583559 -0.8448585434462852
-0.14407837884737384 -0.09129465650915503
0.276222913000685 -0.595946789550807
0.6482512122979831 0.35008765564107414
0.22777812944024278 -0.4882421745435266
0.24628540597996174 0.7641368511862274
0.968820935763137 -0.48373553662833335
0.7450939367178966 -0.20351208167773716
0.6191924682516705 -0.48500619226443553
-0.47572265879822706 0.7471765616422525
0.4446934604163151 0.4547312200106479
0.7629714311152289 -0.5616142506316346
-0.7200367890028754 0.507528806014208
-0.9186455622130008 -0.3301495429595067
-0.6039268760540626 -0.8445427751783499
0.6439928591024848 0.03436629094403809
0.3308392898943755 0.013736232613366983
-0.05090438025802824 0.9157842071184901
0.97185660793404 0.3768983884401742
-0.8679698298623313 -0.336229455537985
0.4837050872672177 0.13021277357288286
-0.5146327120448395 0.29504120107804344
-0.42603000337532415 0.2888309176467896
0.14635813563687816 0.11959864493985872
0.6735001546289054 0.5533231636352696
0.9152551448735176 -0.6392103739146764
-0.9854691809451406 0.4519914386888353
0.5629885461234498 -0.08739465620287046
-0.7221892382257207 0.7221427342311559
0.13398574613218184 -0.1358811238357005
-0.35919141944944655 -0.8242557085490372
0.2658526457805803 0.9101838140246505
0.04651314132304041 0.8103518442298163
-0.2131962815026749 0.6908926874390797
0.47900075132993525 0.8452405979414765
-0.3254287846277675 0.5947157436805619
0.2744728174140598 -0.8998855347084029
-0.10591502168289302 0.9223971601658414
-0.5821631428818355 -0.2539795620068144
0.540880547173006 0.29447564082380095
0.8801491201750804 0.696996996096374
-0.6884362387157943 0.1019442744262471
-0.8270338754752651 -0.7160534377635686
0.7371741948370947 -0.33332216059349085
0.40008650514649746 0.9133980696932908
-0.5664539411967673 0.9047755224393847
-0.1422073828376591 0.09671903852102925
0.4723290392441952 0.846197021746161
-0.26897644538340937 0.2784348915417445
0.6754235996924871 0.9300939059659272
-0.6012739591451273 -0.6849634487903469
0.4142320153590371 0.4872843764647492
-0.34456743815543023 0.5189218360778309
-0.35503732073401806 0.23628778685730478
-0.22153258081425187 0.390373789660436
0.9805700641266799 -0.46847367942228724
0.4497482042332219 -0.1777445961106101
-0.26464023985791263 0.310346415078397
-0.2548606243472289 0.9011597120050558
-0.9915094386405019 0.10525770851065475
0.2831136798779965 0.46117884241363294
-0.7440190915677609 -0.10512564266015456
0.8218117868253045 -0.20058943830206188
0.1131340229066109 0.7142110863597042
0.45169498297310384 0.5686026670262156
-0.8316286347591653 0.8982398240026239
0.38319831990663156 -0.3894033965902639
-0.9168833065535702 -0.8115630363385351
-0.8368660118298676 -0.7446703207422454
0.9231593860651641 -0.23750227888073394
-0.6213688796548211 -0.7378480119266593
0.24085838522219194 0.13875561130982716
-0.515414575970903 0.7124131530081936
-0.03989851640023612 -0.4505596971561756
-0.12097098888562852 0.30883992416842854
0.49206858039722623 -0.2428853789858163
-0.9530877411212322 -0.991214697301094
0.4079922896293864 -0.02619553423306442
0.2569024838588998 -0.23651914794369855
-0.6128628320417315 0.3671881371833654
-0.16258678463785703 -0.7362035762680581
0.2610233738922829 -0.3566262607549191
-0.796104511783752 -0.24992274101002332
-0.487471973640178 -0.6984727365072902
0.09572891374726367 -0.5962648487832836
-0.6194205973507938 -0.42031423713740024
-0.3106234782724828 -0.3112351472697281
-0.15385066447704143 -0.8892396986614601
0.9754961428312459 -0.8199933976083325
-0.7787797369671279 0.05828384376592899
-0.8355920507814061 0.7076502418919146
-0.5059454369795238 -0.6640345365623683
-0.21034145685054373 -0.3079468329985673
0.2197785055993744 0.18140467676666638
-0.41054993356841774 0.8631906184367266
0.6983188545262786 0.21025561068341436
0.43629686158180303 -0.972800942477343
-0.4731134250383262 0.11095603497869311
0.5828407513169271 -0.4653055331017202
0.23265374311331555 -0.4960244216023093
-0.19068314909800033 0.45610135643892047
-0.052752573508485945 -0.18882854208063082
-0.45005610550839514 -0.7665134893978116
-0.9811602213289983 0.27133033528059936
0.33208967954050017 -0.4820717190190078
0.09606651512732056 0.09524420787287413
0.45302342672495666 -0.00978272192816787
-0.6797873829752799 -0.8591764428433784
0.7881937469165885 -0.13428935905601946
-0.13653915257004456 -0.4193727114875152
0.7746163181927004 0.09355965526215759
0.3938321196212613 -0.8867782004859905
0.12244511304447436 -0.2738909407837875
-0.6377902231231631 -0.2556169918789275
-0.8850652346575685 0.6903606151901103
-0.31699292676543944 -0.03203195125823144
-0.041716015993756406 0.024844668239685896
0.9779253344734213 0.691943663936665
0.3619307678862078 0.1626055714219703
-0.1518189532619496 -0.349939172496909
-0.9806550994907042 -0.5276923843051493
0.7583906778218654 0.5872136179784591
0.06509345413853951 0.6612899642564374
0.4894484651925448 -0.39749974712171654
-0.4729689129621979 -0.7997785551833811
-0.5603414635326496 -0.45285899237604066
-0.16890051344444235 -0.18953558272419135
-0.15671121552406686 0.49736272492317446
0.7782740292669783 0.5321618215378376
-0.863040506620866 -0.3928730406812728
-0.45149848437629037 -0.44982302400257446
0.09952683934303286 0.6089399495727466
0.6972548384608495 -0.9584012654516891
0.8065672489610518 -0.4440380901762395
0.09694221470227937 0.7952566202029325
-0.3796993366167518 0.9292600959467014
-0.7012753887151852 0.42191201162744263
0.3586378947620248 -0.16539597714246423
0.08746406005563889 -0.550276836821348
0.49499801226703877 -0.7212677335342452
-0.9405592219867331 -0.28975998282628956
-0.7389079779819596 -0.9312362384479345
-0.9106755197275676 -0.9385247517559874
0.787170324499689 0.01962774659494726
-0.08266499683147499 0.0783083885338769
0.6415168439743488 0.7594411975068776
-0.3099118564124208 -0.5043590111776259
-0.334075181297246 0.5041688695138271
0.84171710817157 0.6446965237834272
-0.6663906644698592 -0.23107140098421763
0.5087480883118642 0.18092609426519135
0.15141168246859849 -0.09125192726188369
-0.11084647034622286 -0.08088700675117022
-0.9092104448507496 0.7675006976370367
-0.9493425889767919 -0.9567295547950248
-0.21707117889946392 0.9389527018348187
-0.35697756062599173 0.5504612242147862
-0.20198883161527692 0.36858476064083434
-0.8032526614692583 0.7359294398672314
-0.2700902038421056 0.34627472372158663
-0.7757003142666361 0.8127914540728516
0.27755749580444933 -8.869167324720983e-05
0.8684614694615329 0.30885301494869966
-0.10759836455991478 -0.22570645430200265
0.43421287428577027 -0.9926882629083369
0.5051527684205785 0.5974014913941594
-0.6697158406031429 -0.2693025830909386
-0.5633723989484207 -0.6764484965059849
0.12212650711639861 -0.49293681323871796
0.09210212838103637 -0.5836397998161755
-0.4842246835685169 0.3999271429956046
-0.5377108855697246 0.0208682506159934
-0.738907285749361 0.6288470273599938
-0.6305890514233079 -0.9462672228823519
0.34365493338797326 0.21169229234284548
0.7308212675414019 0.9610350976355753
-0.4151825352594456 0.2738233451762768
-0.6240722441778692 0.2808455527183058
0.34025882273036356 0.20144707673167805
0.27190127671399034 -0.12194648036652755
-0.6171894921881418 0.9487474811314585
-0.4675498673544767 -0.4684422788356002
-0.06717915591650536 0.19258525924073333
0.46771140134598777 0.4571980078734599
-0.3113807105017241 0.7832772880547723
-0.584462079046407 0.6073595400538034
-0.10098955126644404 -0.01506723520594333
-0.9328949303921417 0.04752204474117283
0.1544714087252823 -0.8544376166899714
0.829236457574088 -0.23274271745653197
0.6813499656801472 0.22560564260834526
-0.3662001917441364 -0.3515402549519939
0.10273279354716269 0.9217404758164824
0.6345850832273718 -0.9672416126850443
-0.6504734737728144 -0.6511128534797965
0.941619988054599 0.009305310396047206
-0.879491930637416 -0.10991226324613002
0.14972691054479337 0.8619090178252928
0.0405484917507164 0.6830165145581861
0.0540766282160432 0.8812133876130275
-0.959743740826698 0.4723501710121867
0.44735920669018436 0.44738340546756095
-0.885352907010857 -0.9406133769880198
0.24312676856682724 0.6641733756453867
0.40999901632198155 0.26314168910659386
-0.8776789826695766 -0.44843128110665154
0.7429240611850119 -0.7220259283059924
-0.29480228979146816 -0.0525575132679621
-0.516819509934092 -0.7614703448900764
-0.8439747714420156 -0.18407171336357675
0.5096952943379272 -0.09467239417128437
0.9266767202955855 -0.3839815506564319
0.22341291645376815 0.7446782314813387
0.8248917694331226 -0.07379462333423237
-0.4463213156519463 -0.23931261487951572
-0.7083119828312356 0.6312444530947328
0.5184166052349073 -0.8282302454658044
0.1842031403091582 0.6628528598182599
0.11910601221253403 0.8312993002799491
-0.44771229129042567 -0.13282899607674592
0.7767446335869066 0.38457961586640277
-0.00762530004638684 -0.9967531923797655
0.9199893203614313 0.488700566563919
0.6548040463965643 -0.8704498911666627
-0.4152351303552777 0.8024064731175033
0.5446887693143285 -0.18496068785216124
0.8241361920786967 -0.43666801269475664
-0.26929126656209346 0.6229879691752154
-0.867376171057215 -0.3099711309582627
-0.3957709202448505 0.09349222393719447
-0.9849828813747652 -0.08964594978138396
-0.2713855546401922 0.5916969007094277
0.038537192141054666 -0.26581212239510754
-0.7989957374839511 0.12960558346075035
-0.45271454826678625 0.10401957644769277
0.2216872761355928 -0.04695884062775613
-0.720104664380105 0.9006821838159607
0.544607310640951 0.331911826769379
-0.5401965007606426 0.552722312277129
0.2918467351275018 -0.33828171155539577
0.3113499916293423 -0.5929834718074383
0.8760850166111376 -0.7666989118951046
0.30137056622765823 0.5165718272884388
0.9740184968162786 0.3242259666000431
0.21316598220828809 0.9234171926745458
-0.9348577165269998 -0.624321400356258
0.25101656055999166 0.8001396979617892
0.4097282667622102 -0.04824531790738096
-0.04703722302335556 0.682241565072002
0.3020731370976941 -0.8906184536093698
-0.43280228287128963 0.4994168681393667
0.3320695005891492 -0.15396214901820549
0.991520323973559 -0.3686004090465418
-0.9302349241340475 -0.30132014639448323
0.231115117900055 -0.34462585155779313
-0.7111609849359368 -0.8089718655907787
-0.009506420590660536 -0.6057917458973585
-0.4243292919568047 -0.5330980629525848
0.026978171100525472 -0.14982458608811977
0.8094068773365362 0.5890435235276723
0.3749963262312457 0.024493546413511202
-0.62379433152038 0.5160038969910299
0.7932996581810801 0.18771920576298262
-0.762431979770327 0.43164703764558476
-0.45152424044126693 -0.6374020937248268
-0.7848911001777139 -0.3603404978765352
-0.8725112458374495 0.06133908935634036
-0.7920056067372927 -0.0661597133132652
0.09127190083587267 -0.74043735497903
0.7472794681948538 0.8516834225529666
-0.5600714190837328 0.45982834542098683
-0.4458909596674481 -0.02575035799148373
0.7631044272505463 -0.20269409478757816
-0.842401555392887 -0.9280620394208994
-0.27823077781982963 -0.842625216480291
-0.8195071885316341 0.13964668301645977
-0.8266688392545132 0.8528560125979703
0.8339647233918768 0.6043252229152587
-0.1972115765189859 0.13690282250096697
-0.9045202725937063 -0.15882288683118317
0.09202072168058484 0.24967669919218727
0.46705056700788306 -0.12411882065649804
-0.4571655106575301 -0.515053124515624
0.10395301553594005 0.5760604888282399
-0.3201545365136511 -0.23333488514043088
0.5046280417977436 0.14755466074607937
-0.9271292622518443 -0.37777241660043925
0.11505351616890303 0.6182198867435003
0.2288542137553944 -0.09070731954146316
-0.5073093646420674 -0.8837657980290163
0.2597626164983806 -0.45156725427155675
-0.692124943183523 0.2587340911727849
-0.6817397376113372 -0.3203516717513575
-0.16977206491285468 -0.9809742571177824
0.23780819729015334 -0.7835130995092028
-0.9601306560041538 0.7760129847364579
0.8484318959029333 0.6762188965596669
0.6550120108850059 -0.6179431481649629
-0.62944449188999 -0.6118275495193568
-0.3557868722615114 -0.34727037090553337
-0.1335710810959494 -0.4005919535834699
0.06253538027402672 -0.372447727785856
0.028623354753984254 -0.25690910492140717
-0.7171221043379461 -0.23625395838882657
-0.8751069662056303 -0.0369448567991153
0.9836476120935711 0.43901918023720854
0.6706342849423237 -0.8530895119500821
0.9632071253357941 -0.7635814217901777
0.7111073748457242 -0.7471424230741786
-0.8706799638310849 -0.7096179826876645
-0.05935511351582656 0.0750528585869763
0.7504266186465276 -0.6373388954162962
0.6388862140896272 0.37180320977153536
-0.34800401865200126 0.6778134718074955
0.4784297857378379 -0.5822719391224966
0.59891971630187 0.6541999130251042
-0.6217395287819223 0.8286253184697912
0.3553180779510068 0.39303337650727244
0.058245322624717044 -0.38521000190465227
0.07926926865392536 -0.8869314036008724
-0.957555922687293 0.6424603006140281
-0.9977997511374328 0.2449532542355235
-0.9072746245483954 -0.846081086028023
-0.5184035679739065 0.5092990310114578
0.09221016537164761 0.6617677399287181
0.14126090115619072 -0.47151899558658816
-0.5971820184690251 -0.23336075488891495
-0.5982062363813008 0.9068158283759888
0.9458936492730146 0.41421273718941753
0.7307548149313952 -0.032920414811194565
0.424150785561916 -0.9817211870169689
-0.8367663562783174 -0.578174441108833
0.5765963110611272 -0.7420713911435377
0.6839719098406065 0.4682717615296077
-0.03414574112857127 -0.3976658131469064
-0.2953434225687166 -0.2555108444419818
-0.9017551882509856 -0.8294302329813663
0.6134522826028066 0.4599833854283024
-0.8835491757431 0.5479468578848736
-0.5434384719446597 0.8459310108107878
0.4247735897862617 0.673277173343634
0.6150481772275742 -0.7449549989675652
0.19499248833099747 0.7900267018786074
0.015456003667454699 0.937973606549525
-0.38162490263552096 0.69791364830661
-0.12954192012044952 0.7340409178110734
-0.9666865048327107 0.5120311856224309
0.4934948695171739 -0.9545237579897785
0.2367265813557069 0.9874441388048745
-0.9879126062381596 0.13433639871098402
0.0730214477586042 -0.26967382434888276
0.01600388899877614 0.6179679818576627
-0.61932993455733 -0.12414672256601156
-0.09490875254053077 0.8519599772583215
0.326741409482491 -0.5624006555369407
-0.4392754263163092 -0.9958817324548996
0.3920523099422797 0.7269765867530975
-0.8754737739366858 -0.18652559085547615
-0.3308157016782982 0.8556053259549137
-0.6800395545840858 -0.9266251940698602
0.8008518402300342 0.23652817642147794
0.6463706389172381 -0.006381007481838896
-0.6827016132155674 0.401164996174727
-0.3774129408329834 -0.06546031644327677
-0.9329391527498223 -0.9343167869556108
0.8017464217786605 0.46217092142786376
-0.9322069490457081 -0.36678888150283573
0.30925618081743855 -0.081727308064655
-0.5140032754383437 0.36035890378314517
-0.21034579698725198 0.8465980936233495
0.01484037815332262 -0.06760224802986259
0.10423969195419791 -0.4226705010475784
-0.830074113905235 -0.16408034533691374
0.12262241396912033 -0.6504333043254702
-0.8012190241718651 -0.7621172856037008
0.5959413827050126 -0.5022696046791923
0.46233420639440226 -0.5882058446375724
-0.02693214434826574 0.4329507607891516
0.21451963290416343 0.9442781964409568
-0.11371368187685382 -0.3334181652135251
-0.6918625819597715 -0.9391946187052314
-0.7968900287211809 0.11064154720634556
0.2483990422465563 -0.6062438187331551
-0.09809955282414928 0.3943004338296152
-0.9877827113767832 -0.12745957797653618
0.7856969494328674 0.13747747811827615
0.41484585639500837 0.13674460572541425
0.7242503890174088 0.8695929184462141
-0.43910353891447795 0.6467349877066777
-0.6390364232560068 0.21566557496826433
-0.9155616833070153 0.025101350058281735
-0.7522674363684636 0.18103843551947518
0.22398543918921465 0.8988415690134282
-0.6798912434102429 0.5286789468706694
0.765400875311486 0.5998696982825575
-0.5219312426959899 0.00485558874126224
-0.742747474141219 0.31044800984061727
0.1908896624234382 0.5266037660064606
-0.7827107013380528 0.06425535816503647
-0.050569346076013266 -0.02562025158469372
-0.48817649808542907 0.21923768465533855
0.6605205256650213 -0.5862100220460893
0.06937155828946295 -0.7937974952690889
-0.7759722639310584 -0.5700727501237857
-0.007532442454729393 0.19009562037566496
0.3311724720615934 -0.8736106448439023
0.43518805758856693 0.6084406912139981
-0.5911398207217757 0.319721875486374
-0.11238927950056721 -0.586889062557588
-0.6077931586589815 0.1594644598432
-0.6585322727932423 -0.7080240882926832
-0.8754320308438628 0.36618304120442136
0.3340255722187322 0.6100427562172512
0.5963409351083988 -0.5991392137161093
-0.9211626404745312 0.18021428878420243
-0.35809690520392556 -0.09823757897788932
-0.16802944092412186 -0.8167278340837494
-0.26554300130247466 0.15205877934900025
-0.2466002804812748 0.465589394630495
0.0904279976452067 -0.004717068167457539
-0.2413172617336632 -0.7022320711503438
-0.20176171501640328 0.331766302566612
0.24566729703433654 -0.6740892633267468
0.11466829177565918 -0.888671316123856
0.7987310856946486 0.91951710029367
-0.46535090756505926 0.8395322995450463
0.22726793282248758 -0.34834260392665306
-0.03985347813784834 0.7972492109546718
0.7079864180657505 -0.30391693791772134
-0.6697385121195092 0.026436302012818214
0.7353275974871374 -0.9593753139107946
0.22816075323668472 -0.5801451293846445
-0.30184649637476824 0.6024170382493284
0.27292735476968444 -0.6983329217524397
0.008879994023698101 0.42378310164014277
0.7455608107798799 -0.16200441451378889
-0.17762979530145317 -0.2909157416279706
-0.8741673044275511 -0.510658698355259
-0.9483522132020525 -0.8354346849396532
0.9773893696861007 0.8727493575710235
-0.1514975772768521 0.03979175830916404
-0.9847761417002248 -0.10334403067533193
0.387676002564993 0.3644904640961142
0.5502787033463088 -0.4311585976023429
0.07585480820588342 0.12423955517176233
0.7177281069679158 -0.022345003689415055
-0.8005026968210003 0.6337099057339775
0.10665237400596972 0.8892923123915248
0.29532458063555955 0.6076205830207877
-0.7386401518636838 -0.4546294610524435
0.6316639932229504 0.04533929287694782
0.683593583699182 -0.5985715007396162
0.4219293502512429 -0.9094663587832545
0.9589665579403339 -0.4365006516003487
0.35577217335360434 0.43574346479164006
0.2611037636225162 0.5881212783272958
-0.6561662322836246 0.027528331575388032
-0.6030974282553576 0.9333636952640842
0.37734441443578004 -0.5448321786797146
-0.002454827932610204 -0.3598280751142937
-0.3855262108484969 -0.12588920873602927
-0.32281705766486923 0.18521552707688627
-0.2703003469406877 0.47868096193730403
-0.49704769772371815 -0.3100113779582896
0.24491271781523682 -0.4138086030455026
0.4720371332196147 0.5734629110175056
-0.6124091716841515 0.022280738777137987
0.5363895058676249 0.023730616805697657
0.23489720537563485 -0.30440296036239767
-0.0603725174257046 0.4264195936053712
0.16824584361299633 0.3166076549365977
-0.5820569235108926 -0.417692777931401
-0.11454348062852637 0.40845999930887755
-0.30323278192513947 -0.941586820399122
-0.8519401315663215 0.02364557978554971
0.12353737446022306 0.5297390304906275
-0.46401429605746536 -0.11011681077317848
-0.6592259458405596 0.6830201732413315
0.7863043500096938 -0.043087504590560544
0.6305394437890046 0.10129030538736683
-0.4909113214844578 0.8774286533085982
0.886867972016858 -0.23838623581547735
0.4155982433320917 0.18129472950681214
0.43131320287114594 0.5090271994352435
-0.8737340858944296 0.12017751188206938
0.5678782695265432 -0.4080655319840485
0.477174496111628 0.8469581915560986
0.6362954537812684 -0.6175122670148414
0.06877777679676456 0.2801219650235114
-0.8679809976115256 -0.9823752320969383
0.15316408387214508 0.06722061256811629
-0.09617263288140543 0.18094652207949147
0.2701520143608671 -0.4489500690124262
0.2151595159189077 0.5109179178955501
0.6628597593823906 -0.9382797577785285
0.6424290583416243 0.9892787494578845
0.9441852282296257 -0.5168916406357653
0.672309226233816 0.3585701753375874
-0.5027584163224617 -0.8765248627934237
0.08109264851269504 0.642126790362749
0.37763777391995035 0.9330183132014747
0.9052124711873559 -0.2916571373231436
0.2888639499637571 -0.5990588067437752
0.0444032091325437 0.49034299842195495
0.35237469685763134 -0.42974367545614367
-0.8128992662841306 0.13429977869934984
0.33745202386446116 0.46370090011478804
0.08149357602898233 0.9041800294786113
0.6759532229565794 -0.8359439937522135
0.59761445502354 0.22332553519246034
-0.14243836829467593 -0.7413601747956482
-0.641698788803345 -0.5761994745855952
-0.161512033454694 -0.9608191213897139
-0.5590147347971814 0.8217746028554265
0.06301236495410945 -0.494165079664983
-0.45796306878832493 -0.3877861439017285
-0.78654197922651 -0.19151024093802138
0.9620449488913869 -0.09406990202226284
0.6765380430220007 0.19432732068332736
-0.5614710197629831 -0.8401881544688796
-0.5467075066680003 0.46464653022969604
-0.6038902562392687 -0.7393369039536626
0.44554460375046956 -0.6945987993082086
0.4464105339915263 0.9675126212668039
-0.46352965477355523 -0.3470222872196438
0.2705514965031657 0.5158401961629886
0.09002806129172769 0.5402049461938279
-0.6456259106732205 0.6231313249819062
-0.13234578414611597 0.17764248248183723
0.7889638902811384 0.5779453967866317
-0.09356153332597761 -0.09728877394647029
0.9725336325246974 -0.8707603014377667
0.5263910530965321 0.011387930719281014
-0.7011478316884852 -0.23083669148685004
0.410218963013782 -0.8222318976058054
-0.4262626145352111 -0.3379085687625689
-0.9563453143666298 0.7693956030517664
-0.8538322328174255 -0.10992584677812589
-0.030251191518372078 0.7138143503492147
0.4969943110616717 -0.39526561722174836
0.3670082647225421 -0.9703568121424071
-0.7578469894503643 -0.6540348845191033
0.25300495951185553 -0.2695758393620049
0.34539215158557557 -0.06683576611309539
0.6604773197141252 -0.3535342069114955
0.06012573437299462 -0.6700480093711514
-0.8868529620692713 -0.2289616773719112
0.3740433826536387 -0.5837338780192849
0.6441837647889872 0.17498178100261685
0.03631369879337498 -0.7503614294346794
0.5638424719111996 0.732034995381635
-0.4435994722242578 0.06048998637548264
-0.7308435086275311 0.8222003212863591
-0.0040753334276109054 0.07325814861646474
-0.407774508469152 -0.4909015659640632
0.2502042114914782 -0.8489272481378085
0.9050976673140925 -0.1626831673525857
-0.37316059850832284 0.9414134412537389
-0.8424557463127471 -0.40571812009678365
0.21479606071971236 -0.9080500111578318
-0.4213644290404053 -0.6165924705769659
0.39100268482236067 -0.1690315362728072
0.33364397045278404 -0.10494315743815164
-0.9002655041161625 0.1245374691131298
0.024483790531460548 0.7556758164246657
-0.8990183284611417 -0.17756326415527734
-0.557599480570498 -0.043171981040466934
0.9043044862915977 -0.6834252295960632
0.08411838981765518 0.7074124535240478
0.15987703496124306 0.6646058833789064
0.8356050049406387 0.17983515144944717
-0.27256832778911133 -0.4713899232568879
-0.04209347763899385 0.3470405479396821
-0.060155572210883745 0.6673332331983306
0.6040278929250449 0.23123592174217822
-0.21659693393273538 0.6845575724344046
0.4007540368856879 0.15199608527265318
0.016804417349153278 0.1850663166679436
0.09397003749513622 -0.09657374595858959
0.5089460912265054 0.31632487811194565
-0.5110297500137189 0.7735162005868526
0.8075577530153855 -0.0076027028199496804
-0.28580092106281496 0.7964726215757949
0.617709478131462 0.4884693775054545
-0.7428338515315331 -0.69192709740889
-0.16523657401324132 0.9225993104356447
0.10726761173686539 -0.0347131714109814
0.6854146170362085 -0.29007854692681345
-0.3668886079603306 -0.9670194584814815
0.6872194994873662 -0.9000158911951865
-0.1935703124367023 -0.12894374791872276
0.09622393773262927 0.10821250043039465
0.23792999084178823 0.1610929801129366
0.5250229569461209 0.6402785713701371
-0.16243252311698675 -0.3750852734143111
0.36940066319873943 -0.8475993931618981
0.8017886875879883 0.49837853996803316
0.9178040863397916 0.19879306530698404
-0.11657415186352171 -0.9859914699247694
0.7610635182080452 -0.8814463044307639
0.880136642700545 -0.16994712344044438
-0.9813046800240022 0.5405712801748044
0.15797325018709918 -0.63714970290959
-0.8463552479726981 -0.2375724019487282
0.8054360948239558 0.9927700040249445
0.7451046326384163 0.1576681825150983
0.3453813554444438 -0.9975020741882905
-0.18221891206423346 -0.9080038944950894
0.2967624233629098 0.029237467492566616
-0.3884836084534995 -0.14469576996268962
-0.3575043844521264 -0.9619990270407037
-0.26383487851053977 0.3906903857530164
0.9037733141360769 0.5430636470548742
0.21609879975847246 -0.007348940885852695
-0.5275642743915703 -0.3470345755974378
0.8219104655456411 -0.45862798509588076
-0.16767249819238406 -0.935553806682281
-0.3136483413684201 0.35478540829515515
-0.31060831713989345 0.012725553625861474
-0.5753755945013594 0.7328432257478303
0.2297011172080199 -0.39274122567252756
-0.2396442675387025 0.24280351169942183
-0.06185978416814297 -0.6584853014046519
-0.15564581733074156 -0.9582111153473771
-0.4134184420979299 0.8012857682682679
-0.9171870490352334 -0.4328970287849996
-0.6739173677723975 0.05615077801671786
-0.3576553776968352 -0.26056534002893583
0.36739764584997925 0.8420217844316886
0.6198671143725358 -0.9992557531633435
-0.11356266425188699 0.6971353177629447
-0.5373223613650095 0.2256157188762009
-0.5263560276228239 -0.8121003373859619
0.10375407209937837 -0.02968105989689529
-0.5392792435636296 0.40686536563037534
0.8765306152447776 0.7634221795949343
0.6806637371472062 -0.07356763775032071
-0.20629747454792224 0.9834914522483247
-0.9919048820106104 0.7051206984809644
0.6747252098573544 -0.8143935147679258
-0.8756625526486848 -0.34693768089958055
0.4851263326267248 -0.19033162088421607
0.21497193522783586 -0.18114090145522166
0.4924046662547774 0.9231098627904144
0.20147791618920974 0.7146973103988126
-0.6549559537228791 -0.7884267166909682
0.27065320763617295 -0.07190677869208706
-0.10542122268315013 0.8595957872829734
0.6224230591326665 0.38204938371292774
0.6819604269739237 0.883274221856045
0.011477240408826361 0.2048356991905207
0.08594339662320127 -0.34612674069274263
-0.022801792814187927 0.44806445810102247
-0.995501823433619 -0.5230153374752822
-0.7978367748374107 0.08808014328014924
0.8528602985120424 -0.7607543344116776
-0.7387309969421962 -0.6832751393100889
-0.0023839929020157413 -0.9913418437179395
0.009099576034633294 -0.5715579705829625
-0.8500971646717601 0.2106608243118233
-0.06955938483738189 0.7910351845708952
0.7320375062200082 0.8866559215338539
-0.7620674387475916 -0.24941642916302054
0.809347725500901 0.10865630945415483
-0.8331963728842244 0.7164689805574198
0.5343848711975319 0.059300589424754246
0.4456222088419284 -0.028638803310243155
0.6529427178227398 -0.7239117288144903
-0.8413175182739656 -0.6707870191965979
0.7623076994316815 -0.20473853797349428
-0.05105944384472427 0.3408650204928001
-0.033861291977342445 -0.565855207227425
-0.9627774523718555 -0.1196807217166036
-0.02579838314478833 0.8693382982226696
-0.02678405243632831 -0.4530001235186554
0.04286541752512063 -0.8844336947294416
0.9774971443341613 0.3703474217309659
0.697962343731428 0.14334295810368158
0.35423352953657683 -0.7206238301614876
0.2866175490483567 -0.10106485647603702
-0.046320474283862545 0.8804218241981141
-0.022190714727567284 -0.4755217189016452
-0.1850862944178937 0.6373957601403073
0.7595058167662752 0.5715517386814541
0.5395193983776705 0.4028672189209288
-0.8148421793030607 -0.420483474067314
-0.04209181168091214 0.2878086818993413
-0.24342489391223987 -0.6989757054009307
0.5853406735634015 -0.6219796292816784
0.16641715744999175 0.4432730762543091
0.9553561675088524 -0.10332116693247473
0.30634409897767 0.607522573999056